[[0.0, 0.020318, 0.0, 0.020318, 0.237117, 0.0, 0.068064, 0.068148, 0.020318, 0.020318, 0.030437, 0.07073, 0.021674, 0.0, 0.084353, 0.0, 0.0, 0.000646, 0.007151, 0.025693], 
 [0.020318, 0.0, 0.020318, 0.0, 0.240802, 0.020318, 0.062433, 0.058917, 0.0, 0.0, 0.023706, 0.064511, 0.016347, 0.020318, 0.075173, 0.020318, 0.020439, 0.020981, 0.019017, 0.019722], 
 [0.0, 0.020318, 0.0, 0.020318, 0.237117, 0.0, 0.068064, 0.068148, 0.020318, 0.020318, 0.030437, 0.07073, 0.021674, 0.0, 0.084353, 0.0, 0.0, 0.000646, 0.007151, 0.025693], 
 [0.020318, 0.0, 0.020318, 0.0, 0.240802, 0.020318, 0.062433, 0.058917, 0.0, 0.0, 0.023706, 0.064511, 0.016347, 0.020318, 0.075173, 0.020318, 0.020439, 0.020981, 0.019017, 0.019722], 
 [0.237117, 0.240802, 0.237117, 0.240802, 0.0, 0.237117, 0.24355, 0.236722, 0.240802, 0.240802, 0.242005, 0.237769, 0.245375, 0.237117, 0.24769, 0.237117, 0.234684, 0.237117, 0.237051, 0.237466], 
 [0.0, 0.020318, 0.0, 0.020318, 0.237117, 0.0, 0.068064, 0.068148, 0.020318, 0.020318, 0.030437, 0.07073, 0.021674, 0.0, 0.084353, 0.0, 0.0, 0.000646, 0.007151, 0.025693], 
 [0.068064, 0.062433, 0.068064, 0.062433, 0.24355, 0.068064, 0.0, 0.070382, 0.062433, 0.062433, 0.069689, 0.076808, 0.065729, 0.068064, 0.075051, 0.068064, 0.067742, 0.06877, 0.069537, 0.065905],
 [0.068148, 0.058917, 0.068148, 0.058917, 0.236722, 0.068148, 0.070382, 0.0, 0.058917, 0.058917, 0.067635, 0.042237, 0.063768, 0.068148, 0.083614, 0.068148, 0.068568, 0.068855, 0.06678, 0.066193], 
 [0.020318, 0.0, 0.020318, 0.0, 0.240802, 0.020318, 0.062433, 0.058917, 0.0, 0.0, 0.023706, 0.064511, 0.016347, 0.020318, 0.075173, 0.020318, 0.020439, 0.020981, 0.019017, 0.019722], 
 [0.020318, 0.0, 0.020318, 0.0, 0.240802, 0.020318, 0.062433, 0.058917, 0.0, 0.0, 0.023706, 0.064511, 0.016347, 0.020318, 0.075173, 0.020318, 0.020439, 0.020981, 0.019017, 0.019722], 
 [0.030437, 0.023706, 0.030437, 0.023706, 0.242005, 0.030437, 0.069689, 0.067635, 0.023706, 0.023706, 0.0, 0.069594, 0.030444, 0.030437, 0.078059, 0.030437, 0.029909, 0.03111, 0.028433, 0.022386], 
 [0.07073, 0.064511, 0.07073, 0.064511, 0.237769, 0.07073, 0.076808, 0.042237, 0.064511, 0.064511, 0.069594, 0.0, 0.06884, 0.07073, 0.079849, 0.07073, 0.069681, 0.071437, 0.068031, 0.065976], 
 [0.021674, 0.016347, 0.021674, 0.016347, 0.245375, 0.021674, 0.065729, 0.063768, 0.016347, 0.016347, 0.030444, 0.06884, 0.0, 0.021674, 0.076552, 0.021674, 0.021803, 0.022339, 0.023033, 0.026396], 
 [0.0, 0.020318, 0.0, 0.020318, 0.237117, 0.0, 0.068064, 0.068148, 0.020318, 0.020318, 0.030437, 0.07073, 0.021674, 0.0, 0.084353, 0.0, 0.0, 0.000646, 0.007151, 0.025693], 
 [0.084353, 0.075173, 0.084353, 0.075173, 0.24769, 0.084353, 0.075051, 0.083614, 0.075173, 0.075173, 0.078059, 0.079849, 0.076552, 0.084353, 0.0, 0.084353, 0.083432, 0.085071, 0.083803, 0.083782], 
 [0.0, 0.020318, 0.0, 0.020318, 0.237117, 0.0, 0.068064, 0.068148, 0.020318, 0.020318, 0.030437, 0.07073, 0.021674, 0.0, 0.084353, 0.0, 0.0, 0.000646, 0.007151, 0.025693], 
 [0.0, 0.020439, 0.0, 0.020439, 0.234684, 0.0, 0.067742, 0.068568, 0.020439, 0.020439, 0.029909, 0.069681, 0.021803, 0.0, 0.083432, 0.0, 0.0, 0.00065, 0.007193, 0.024475], 
 [0.000646, 0.020981, 0.000646, 0.020981, 0.237117, 0.000646, 0.06877, 0.068855, 0.020981, 0.020981, 0.03111, 0.071437, 0.022339, 0.000646, 0.085071, 0.000646, 0.00065, 0.0, 0.007803, 0.026361], 
 [0.007151, 0.019017, 0.007151, 0.019017, 0.237051, 0.007151, 0.069537, 0.06678, 0.019017, 0.019017, 0.028433, 0.068031, 0.023033, 0.007151, 0.083803, 0.007151, 0.007193, 0.007803, 0.0, 0.021693], 
 [0.025693, 0.019722, 0.025693, 0.019722, 0.237466, 0.025693, 0.065905, 0.066193, 0.019722, 0.019722, 0.022386, 0.065976, 0.026396, 0.025693, 0.083782, 0.025693, 0.024475, 0.026361, 0.021693, 0.0]]